{
  "stereo_baseline": 0.12,
  "camera_intrinsics": {
    "fx": 1280.0,
    "fy": 1280.0,
    "cx": 640.0,
    "cy": 480.0,
    "resolution": [
      1280,
      960
    ]
  },
  "poses": [
    {
      "frame": 1,
      "timestamp": 0.03333333333333333,
      "left_camera": {
        "translation": [
          4.0,
          -0.05999999865889549,
          1.7999999523162842
        ],
        "rotation_quaternion": [
          0.5468355417251587,
          0.4482978284358978,
          0.4482978284358978,
          0.5468354225158691
        ],
        "rotation_matrix": [
          [
            7.549790126404332e-08,
            -0.19611620903015137,
            0.9805806875228882
          ],
          [
            1.0,
            4.676734377540015e-08,
            -6.763958282363092e-08
          ],
          [
            -3.2593934662372703e-08,
            0.9805806875228882,
            0.19611620903015137
          ]
        ]
      },
      "right_camera": {
        "translation": [
          4.0,
          0.05999999865889549,
          1.7999999523162842
        ],
        "rotation_quaternion": [
          0.5468355417251587,
          0.4482978284358978,
          0.4482978284358978,
          0.5468354225158691
        ],
        "rotation_matrix": [
          [
            7.549790126404332e-08,
            -0.19611620903015137,
            0.9805806875228882
          ],
          [
            1.0,
            4.676734377540015e-08,
            -6.763958282363092e-08
          ],
          [
            -3.2593934662372703e-08,
            0.9805806875228882,
            0.19611620903015137
          ]
        ]
      }
    },
    {
      "frame": 2,
      "timestamp": 0.06666666666666667,
      "left_camera": {
        "translation": [
          3.9976582527160645,
          0.14942604303359985,
          1.7999999523162842
        ],
        "rotation_quaternion": [
          0.5323336124420166,
          0.4364091455936432,
          0.4598792791366577,
          0.5609625577926636
        ],
        "rotation_matrix": [
          [
            -0.052335940301418304,
            -0.19584745168685913,
            0.9792367815971375
          ],
          [
            0.9986295104026794,
            -0.010263817384839058,
            0.051319632679224014
          ],
          [
            -1.1168253877258394e-07,
            0.9805806875228882,
            0.19611620903015137
          ]
        ]
      },
      "right_camera": {
        "translation": [
          3.991377830505371,
          0.26926159858703613,
          1.7999999523162842
        ],
        "rotation_quaternion": [
          0.5323336124420166,
          0.4364091455936432,
          0.4598792791366577,
          0.5609625577926636
        ],
        "rotation_matrix": [
          [
            -0.052335940301418304,
            -0.19584745168685913,
            0.9792367815971375
          ],
          [
            0.9986295104026794,
            -0.010263817384839058,
            0.051319632679224014
          ],
          [
            -1.1168253877258394e-07,
            0.9805806875228882,
            0.19611620903015137
          ]
        ]
      }
    },
    {
      "frame": 3,
      "timestamp": 0.1,
      "left_camera": {
        "translation": [
          3.9843592643737793,
          0.3584425449371338,
          1.7999999523162842
        ],
        "rotation_quaternion": [
          0.5174669623374939,
          0.42422133684158325,
          0.4711455702781677,
          0.574705183506012
        ],
        "rotation_matrix": [
          [
            -0.10452838987112045,
            -0.19504188001155853,
            0.9752089381217957
          ],
          [
            0.9945219159126282,
            -0.020499607548117638,
            0.10249853879213333
          ],
          [
            -1.0634631308903408e-07,
            0.9805806875228882,
            0.19611620903015137
          ]
        ]
      },
      "right_camera": {
        "translation": [
          3.971816062927246,
          0.4777851700782776,
          1.7999999523162842
        ],
        "rotation_quaternion": [
          0.5174669623374939,
          0.42422133684158325,
          0.4711455702781677,
          0.574705183506012
        ],
        "rotation_matrix": [
          [
            -0.10452838987112045,
            -0.19504188001155853,
            0.9752089381217957
          ],
          [
            0.9945219159126282,
            -0.020499607548117638,
            0.10249853879213333
          ],
          [
            -1.0634631308903408e-07,
            0.9805806875228882,
            0.19611620903015137
          ]
        ]
      }
    },
    {
      "frame": 4,
      "timestamp": 0.13333333333333333,
      "left_camera": {
        "translation": [
          3.960139513015747,
          0.5664765238761902,
          1.7999999523162842
        ],
        "rotation_quaternion": [
          0.5022455453872681,
          0.4117429554462433,
          0.48208898305892944,
          0.5880538821220398
        ],
        "rotation_matrix": [
          [
            -0.1564343422651291,
            -0.19370146095752716,
            0.9685081243515015
          ],
          [
            0.9876883625984192,
            -0.030679313465952873,
            0.15339648723602295
          ],
          [
            4.229888617146571e-08,
            0.9805806875228882,
            0.19611598551273346
          ]
        ]
      },
      "right_camera": {
        "translation": [
          3.9413673877716064,
          0.6849991679191589,
          1.7999999523162842
        ],
        "rotation_quaternion": [
          0.5022455453872681,
          0.4117429554462433,
          0.48208898305892944,
          0.5880538821220398
        ],
        "rotation_matrix": [
          [
            -0.1564343422651291,
            -0.19370146095752716,
            0.9685081243515015
          ],
          [
            0.9876883625984192,
            -0.030679313465952873,
            0.15339648723602295
          ],
          [
            4.229888617146571e-08,
            0.9805806875228882,
            0.19611598551273346
          ]
        ]
      }
    },
    {
      "frame": 5,
      "timestamp": 0.16666666666666666,
      "left_camera": {
        "translation": [
          3.925065279006958,
          0.7729578614234924,
          1.7999999523162842
        ],
        "rotation_quaternion": [
          0.48667988181114197,
          0.39898213744163513,
          0.49270200729370117,
          0.6009997129440308
        ],
        "rotation_matrix": [
          [
            -0.20791184902191162,
            -0.19183038175106049,
            0.9591526389122009
          ],
          [
            0.978147566318512,
            -0.040774762630462646,
            0.2038743644952774
          ],
          [
            -7.947704006028289e-08,
            0.9805806875228882,
            0.19611598551273346
          ]
        ]
      },
      "right_camera": {
        "translation": [
          3.900115728378296,
          0.8903356194496155,
          1.7999999523162842
        ],
        "rotation_quaternion": [
          0.48667988181114197,
          0.39898213744163513,
          0.49270200729370117,
          0.6009997129440308
        ],
        "rotation_matrix": [
          [
            -0.20791184902191162,
            -0.19183038175106049,
            0.9591526389122009
          ],
          [
            0.978147566318512,
            -0.040774762630462646,
            0.2038743644952774
          ],
          [
            -7.947704006028289e-08,
            0.9805806875228882,
            0.19611598551273346
          ]
        ]
      }
    },
    {
      "frame": 6,
      "timestamp": 0.2,
      "left_camera": {
        "translation": [
          3.879232406616211,
          0.9773206114768982,
          1.7999999523162842
        ],
        "rotation_quaternion": [
          0.47078076004981995,
          0.3859480619430542,
          0.5029773116111755,
          0.6135335564613342
        ],
        "rotation_matrix": [
          [
            -0.2588191628456116,
            -0.18943333625793457,
            0.947168231010437
          ],
          [
            0.9659258127212524,
            -0.05075868219137192,
            0.25379303097724915
          ],
          [
            1.4736009745774936e-07,
            0.980580747127533,
            0.1961158663034439
          ]
        ]
      },
      "right_camera": {
        "translation": [
          3.8481740951538086,
          1.0932316780090332,
          1.7999999523162842
        ],
        "rotation_quaternion": [
          0.47078076004981995,
          0.3859480619430542,
          0.5029773116111755,
          0.6135335564613342
        ],
        "rotation_matrix": [
          [
            -0.2588191628456116,
            -0.18943333625793457,
            0.947168231010437
          ],
          [
            0.9659258127212524,
            -0.05075868219137192,
            0.25379303097724915
          ],
          [
            1.4736009745774936e-07,
            0.980580747127533,
            0.1961158663034439
          ]
        ]
      }
    },
    {
      "frame": 7,
      "timestamp": 0.23333333333333334,
      "left_camera": {
        "translation": [
          3.8227672576904297,
          1.1790046691894531,
          1.7999999523162842
        ],
        "rotation_quaternion": [
          0.4545591175556183,
          0.3726493716239929,
          0.5129078030586243,
          0.6256469488143921
        ],
        "rotation_matrix": [
          [
            -0.30901703238487244,
            -0.18651746213436127,
            0.9325876235961914
          ],
          [
            0.9510564804077148,
            -0.06060328334569931,
            0.30301612615585327
          ],
          [
            7.182877936884324e-08,
            0.9805806875228882,
            0.19611608982086182
          ]
        ]
      },
      "right_camera": {
        "translation": [
          3.7856850624084473,
          1.2931313514709473,
          1.7999999523162842
        ],
        "rotation_quaternion": [
          0.4545591175556183,
          0.3726493716239929,
          0.5129078030586243,
          0.6256469488143921
        ],
        "rotation_matrix": [
          [
            -0.30901703238487244,
            -0.18651746213436127,
            0.9325876235961914
          ],
          [
            0.9510564804077148,
            -0.06060328334569931,
            0.30301612615585327
          ],
          [
            7.182877936884324e-08,
            0.9805806875228882,
            0.19611608982086182
          ]
        ]
      }
    },
    {
      "frame": 8,
      "timestamp": 0.26666666666666666,
      "left_camera": {
        "translation": [
          3.7558236122131348,
          1.3774570226669312,
          1.7999999523162842
        ],
        "rotation_quaternion": [
          0.4380258619785309,
          0.3590953052043915,
          0.5224868655204773,
          0.6373314261436462
        ],
        "rotation_matrix": [
          [
            -0.35836783051490784,
            -0.1830901801586151,
            0.9154509902000427
          ],
          [
            0.9335804581642151,
            -0.07028163969516754,
            0.35140860080718994
          ],
          [
            -6.848975431239523e-08,
            0.9805806875228882,
            0.19611608982086182
          ]
        ]
      },
      "right_camera": {
        "translation": [
          3.7128195762634277,
          1.489486575126648,
          1.7999999523162842
        ],
        "rotation_quaternion": [
          0.4380258619785309,
          0.3590953052043915,
          0.5224868655204773,
          0.6373314261436462
        ],
        "rotation_matrix": [
          [
            -0.35836783051490784,
            -0.1830901801586151,
            0.9154509902000427
          ],
          [
            0.9335804581642151,
            -0.07028163969516754,
            0.35140860080718994
          ],
          [
            -6.848975431239523e-08,
            0.9805806875228882,
            0.19611608982086182
          ]
        ]
      }
    },
    {
      "frame": 9,
      "timestamp": 0.3,
      "left_camera": {
        "translation": [
          3.678586006164551,
          1.5721337795257568,
          1.7999999523162842
        ],
        "rotation_quaternion": [
          0.42119234800338745,
          0.34529510140419006,
          0.5317078232765198,
          0.6485792994499207
        ],
        "rotation_matrix": [
          [
            -0.4067365825176239,
            -0.17916108667850494,
            0.8958050608634949
          ],
          [
            0.9135454893112183,
            -0.0797676146030426,
            0.3988380432128906
          ],
          [
            -3.009686011523627e-08,
            0.9805806875228882,
            0.19611620903015137
          ]
        ]
      },
      "right_camera": {
        "translation": [
          3.629777431488037,
          1.6817593574523926,
          1.7999999523162842
        ],
        "rotation_quaternion": [
          0.42119234800338745,
          0.34529510140419006,
          0.5317078232765198,
          0.6485792994499207
        ],
        "rotation_matrix": [
          [
            -0.4067365825176239,
            -0.17916108667850494,
            0.8958050608634949
          ],
          [
            0.9135454893112183,
            -0.0797676146030426,
            0.3988380432128906
          ],
          [
            -3.009686011523627e-08,
            0.9805806875228882,
            0.19611620903015137
          ]
        ]
      }
    },
    {
      "frame": 10,
      "timestamp": 0.3333333333333333,
      "left_camera": {
        "translation": [
          3.5912654399871826,
          1.76250159740448,
          1.7999999523162842
        ],
        "rotation_quaternion": [
          0.4040701687335968,
          0.3312583565711975,
          0.5405643582344055,
          0.6593825817108154
        ],
        "rotation_matrix": [
          [
            -0.4539903998374939,
            -0.17474079132080078,
            0.8737038373947144
          ],
          [
            0.891006588935852,
            -0.08903497457504272,
            0.4451741874217987
          ],
          [
            1.1076998873704724e-07,
            0.9805806875228882,
            0.19611620903015137
          ]
        ]
      },
      "right_camera": {
        "translation": [
          3.5367867946624756,
          1.8694223165512085,
          1.7999999523162842
        ],
        "rotation_quaternion": [
          0.4040701687335968,
          0.3312583565711975,
          0.5405643582344055,
          0.6593825817108154
        ],
        "rotation_matrix": [
          [
            -0.4539903998374939,
            -0.17474079132080078,
            0.8737038373947144
          ],
          [
            0.891006588935852,
            -0.08903497457504272,
            0.4451741874217987
          ],
          [
            1.1076998873704724e-07,
            0.9805806875228882,
            0.19611620903015137
          ]
        ]
      }
    },
    {
      "frame": 11,
      "timestamp": 0.36666666666666664,
      "left_camera": {
        "translation": [
          3.4941015243530273,
          1.9480384588241577,
          1.7999999523162842
        ],
        "rotation_quaternion": [
          0.38667094707489014,
          0.3169945776462555,
          0.5490504503250122,
          0.669734001159668
        ],
        "rotation_matrix": [
          [
            -0.5000000596046448,
            -0.16984137892723083,
            0.8492077589035034
          ],
          [
            0.8660253882408142,
            -0.0980582907795906,
            0.4902903437614441
          ],
          [
            2.730565427100373e-07,
            0.9805806875228882,
            0.19611608982086182
          ]
        ]
      },
      "right_camera": {
        "translation": [
          3.4341015815734863,
          2.0519614219665527,
          1.7999999523162842
        ],
        "rotation_quaternion": [
          0.38667094707489014,
          0.3169945776462555,
          0.5490504503250122,
          0.669734001159668
        ],
        "rotation_matrix": [
          [
            -0.5000000596046448,
            -0.16984137892723083,
            0.8492077589035034
          ],
          [
            0.8660253882408142,
            -0.0980582907795906,
            0.4902903437614441
          ],
          [
            2.730565427100373e-07,
            0.9805806875228882,
            0.19611608982086182
          ]
        ]
      }
    },
    {
      "frame": 12,
      "timestamp": 0.4,
      "left_camera": {
        "translation": [
          3.3873605728149414,
          2.1282360553741455,
          1.7999999523162842
        ],
        "rotation_quaternion": [
          0.3690069019794464,
          0.3025133013725281,
          0.5571604371070862,
          0.6796262860298157
        ],
        "rotation_matrix": [
          [
            -0.5446392297744751,
            -0.16447672247886658,
            0.8223840594291687
          ],
          [
            0.8386704325675964,
            -0.10681238025426865,
            0.5340627431869507
          ],
          [
            -8.969963261051817e-08,
            0.9805806875228882,
            0.19611598551273346
          ]
        ]
      },
      "right_camera": {
        "translation": [
          3.3220038414001465,
          2.2288763523101807,
          1.7999999523162842
        ],
        "rotation_quaternion": [
          0.3690069019794464,
          0.3025133013725281,
          0.5571604371070862,
          0.6796262860298157
        ],
        "rotation_matrix": [
          [
            -0.5446392297744751,
            -0.16447672247886658,
            0.8223840594291687
          ],
          [
            0.8386704325675964,
            -0.10681238025426865,
            0.5340627431869507
          ],
          [
            -8.969963261051817e-08,
            0.9805806875228882,
            0.19611598551273346
          ]
        ]
      }
    },
    {
      "frame": 13,
      "timestamp": 0.43333333333333335,
      "left_camera": {
        "translation": [
          3.2713351249694824,
          2.3025999069213867,
          1.7999999523162842
        ],
        "rotation_quaternion": [
          0.35109007358551025,
          0.28782495856285095,
          0.5648882985115051,
          0.6890528798103333
        ],
        "rotation_matrix": [
          [
            -0.5877851843833923,
            -0.1586613804101944,
            0.7933064699172974
          ],
          [
            0.80901700258255,
            -0.11527416855096817,
            0.5763708353042603
          ],
          [
            -4.730358327265094e-08,
            0.9805806875228882,
            0.19611620903015137
          ]
        ]
      },
      "right_camera": {
        "translation": [
          3.200800895690918,
          2.39968204498291,
          1.7999999523162842
        ],
        "rotation_quaternion": [
          0.35109007358551025,
          0.28782495856285095,
          0.5648882985115051,
          0.6890528798103333
        ],
        "rotation_matrix": [
          [
            -0.5877851843833923,
            -0.1586613804101944,
            0.7933064699172974
          ],
          [
            0.80901700258255,
            -0.11527416855096817,
            0.5763708353042603
          ],
          [
            -4.730358327265094e-08,
            0.9805806875228882,
            0.19611620903015137
          ]
        ]
      }
    },
    {
      "frame": 14,
      "timestamp": 0.4666666666666667,
      "left_camera": {
        "translation": [
          3.146343231201172,
          2.4706528186798096,
          1.7999999523162842
        ],
        "rotation_quaternion": [
          0.3329322934150696,
          0.2729392647743225,
          0.5722289681434631,
          0.698007345199585
        ],
        "rotation_matrix": [
          [
            -0.629320502281189,
            -0.15241087973117828,
            0.7620542049407959
          ],
          [
            0.7771458625793457,
            -0.12342017143964767,
            0.6170994639396667
          ],
          [
            1.9272671636372252e-07,
            0.9805806279182434,
            0.19611632823944092
          ]
        ]
      },
      "right_camera": {
        "translation": [
          3.07082462310791,
          2.5639102458953857,
          1.7999999523162842
        ],
        "rotation_quaternion": [
          0.3329322934150696,
          0.2729392647743225,
          0.5722289681434631,
          0.698007345199585
        ],
        "rotation_matrix": [
          [
            -0.629320502281189,
            -0.15241087973117828,
            0.7620542049407959
          ],
          [
            0.7771458625793457,
            -0.12342017143964767,
            0.6170994639396667
          ],
          [
            1.9272671636372252e-07,
            0.9805806279182434,
            0.19611632823944092
          ]
        ]
      }
    },
    {
      "frame": 15,
      "timestamp": 0.5,
      "left_camera": {
        "translation": [
          3.0127270221710205,
          2.6319336891174316,
          1.7999999523162842
        ],
        "rotation_quaternion": [
          0.3145465850830078,
          0.2578665316104889,
          0.579177737236023,
          0.7064831852912903
        ],
        "rotation_matrix": [
          [
            -0.6691306829452515,
            -0.14574263989925385,
            0.7287133932113647
          ],
          [
            0.7431448101997375,
            -0.1312272995710373,
            0.6561365723609924
          ],
          [
            1.595387821851091e-08,
            0.9805806875228882,
            0.19611608982086182
          ]
        ]
      },
      "right_camera": {
        "translation": [
          2.93243145942688,
          2.721111297607422,
          1.7999999523162842
        ],
        "rotation_quaternion": [
          0.3145465850830078,
          0.2578665316104889,
          0.579177737236023,
          0.7064831852912903
        ],
        "rotation_matrix": [
          [
            -0.6691306829452515,
            -0.14574263989925385,
            0.7287133932113647
          ],
          [
            0.7431448101997375,
            -0.1312272995710373,
            0.6561365723609924
          ],
          [
            1.595387821851091e-08,
            0.9805806875228882,
            0.19611608982086182
          ]
        ]
      }
    },
    {
      "frame": 16,
      "timestamp": 0.5333333333333333,
      "left_camera": {
        "translation": [
          2.8708534240722656,
          2.7860007286071777,
          1.7999999523162842
        ],
        "rotation_quaternion": [
          0.2959452271461487,
          0.24261708557605743,
          0.5857294201850891,
          0.7144749164581299
        ],
        "rotation_matrix": [
          [
            -0.7071067690849304,
            -0.13867492973804474,
            0.693375289440155
          ],
          [
            0.7071067690849304,
            -0.13867494463920593,
            0.693375289440155
          ],
          [
            6.593849910530025e-09,
            0.9805806875228882,
            0.19611598551273346
          ]
        ]
      },
      "right_camera": {
        "translation": [
          2.7860007286071777,
          2.8708534240722656,
          1.7999999523162842
        ],
        "rotation_quaternion": [
          0.2959452271461487,
          0.24261708557605743,
          0.5857294201850891,
          0.7144749164581299
        ],
        "rotation_matrix": [
          [
            -0.7071067690849304,
            -0.13867492973804474,
            0.693375289440155
          ],
          [
            0.7071067690849304,
            -0.13867494463920593,
            0.693375289440155
          ],
          [
            6.593849910530025e-09,
            0.9805806875228882,
            0.19611598551273346
          ]
        ]
      }
    },
    {
      "frame": 17,
      "timestamp": 0.5666666666666667,
      "left_camera": {
        "translation": [
          2.721111297607422,
          2.93243145942688,
          1.7999999523162842
        ],
        "rotation_quaternion": [
          0.2771410644054413,
          0.22720129787921906,
          0.5918797254562378,
          0.7219769954681396
        ],
        "rotation_matrix": [
          [
            -0.7431448101997375,
            -0.13122723996639252,
            0.6561365723609924
          ],
          [
            0.6691306233406067,
            -0.14574238657951355,
            0.7287134528160095
          ],
          [
            -1.4160154648834578e-07,
            0.980580747127533,
            0.1961158663034439
          ]
        ]
      },
      "right_camera": {
        "translation": [
          2.6319336891174316,
          3.0127270221710205,
          1.7999999523162842
        ],
        "rotation_quaternion": [
          0.2771410644054413,
          0.22720129787921906,
          0.5918797254562378,
          0.7219769954681396
        ],
        "rotation_matrix": [
          [
            -0.7431448101997375,
            -0.13122723996639252,
            0.6561365723609924
          ],
          [
            0.6691306233406067,
            -0.14574238657951355,
            0.7287134528160095
          ],
          [
            -1.4160154648834578e-07,
            0.980580747127533,
            0.1961158663034439
          ]
        ]
      }
    },
    {
      "frame": 18,
      "timestamp": 0.6,
      "left_camera": {
        "translation": [
          2.5639102458953857,
          3.07082462310791,
          1.7999999523162842
        ],
        "rotation_quaternion": [
          0.25814682245254517,
          0.21162983775138855,
          0.5976241827011108,
          0.7289844751358032
        ],
        "rotation_matrix": [
          [
            -0.77714604139328,
            -0.12341982871294022,
            0.6170993447303772
          ],
          [
            0.6293202638626099,
            -0.15241099894046783,
            0.7620543837547302
          ],
          [
            1.0882062184691677e-07,
            0.9805806875228882,
            0.19611620903015137
          ]
        ]
      },
      "right_camera": {
        "translation": [
          2.4706528186798096,
          3.146343231201172,
          1.7999999523162842
        ],
        "rotation_quaternion": [
          0.25814682245254517,
          0.21162983775138855,
          0.5976241827011108,
          0.7289844751358032
        ],
        "rotation_matrix": [
          [
            -0.77714604139328,
            -0.12341982871294022,
            0.6170993447303772
          ],
          [
            0.6293202638626099,
            -0.15241099894046783,
            0.7620543837547302
          ],
          [
            1.0882062184691677e-07,
            0.9805806875228882,
            0.19611620903015137
          ]
        ]
      }
    },
    {
      "frame": 19,
      "timestamp": 0.6333333333333333,
      "left_camera": {
        "translation": [
          2.39968204498291,
          3.200800895690918,
          1.7999999523162842
        ],
        "rotation_quaternion": [
          0.23897580802440643,
          0.1959133744239807,
          0.6029593348503113,
          0.7354920506477356
        ],
        "rotation_matrix": [
          [
            -0.8090170621871948,
            -0.11527401208877563,
            0.5763708353042603
          ],
          [
            0.5877851843833923,
            -0.15866120159626007,
            0.7933064699172974
          ],
          [
            6.799092489018221e-08,
            0.9805806875228882,
            0.19611598551273346
          ]
        ]
      },
      "right_camera": {
        "translation": [
          2.3025999069213867,
          3.2713351249694824,
          1.7999999523162842
        ],
        "rotation_quaternion": [
          0.23897580802440643,
          0.1959133744239807,
          0.6029593348503113,
          0.7354920506477356
        ],
        "rotation_matrix": [
          [
            -0.8090170621871948,
            -0.11527401208877563,
            0.5763708353042603
          ],
          [
            0.5877851843833923,
            -0.15866120159626007,
            0.7933064699172974
          ],
          [
            6.799092489018221e-08,
            0.9805806875228882,
            0.19611598551273346
          ]
        ]
      }
    },
    {
      "frame": 20,
      "timestamp": 0.6666666666666666,
      "left_camera": {
        "translation": [
          2.2288763523101807,
          3.3220038414001465,
          1.7999999523162842
        ],
        "rotation_quaternion": [
          0.21964098513126373,
          0.18006263673305511,
          0.6078811287879944,
          0.741495668888092
        ],
        "rotation_matrix": [
          [
            -0.838670551776886,
            -0.10681230574846268,
            0.5340625643730164
          ],
          [
            0.5446390509605408,
            -0.16447676718235016,
            0.8223841786384583
          ],
          [
            1.3604000059785903e-07,
            0.9805806875228882,
            0.19611598551273346
          ]
        ]
      },
      "right_camera": {
        "translation": [
          2.1282360553741455,
          3.3873605728149414,
          1.7999999523162842
        ],
        "rotation_quaternion": [
          0.21964098513126373,
          0.18006263673305511,
          0.6078811287879944,
          0.741495668888092
        ],
        "rotation_matrix": [
          [
            -0.838670551776886,
            -0.10681230574846268,
            0.5340625643730164
          ],
          [
            0.5446390509605408,
            -0.16447676718235016,
            0.8223841786384583
          ],
          [
            1.3604000059785903e-07,
            0.9805806875228882,
            0.19611598551273346
          ]
        ]
      }
    },
    {
      "frame": 21,
      "timestamp": 0.7,
      "left_camera": {
        "translation": [
          2.0519614219665527,
          3.4341015815734863,
          1.7999999523162842
        ],
        "rotation_quaternion": [
          0.20015570521354675,
          0.1640884131193161,
          0.6123862862586975,
          0.7469911575317383
        ],
        "rotation_matrix": [
          [
            -0.8660253882408142,
            -0.09805809706449509,
            0.4902903735637665
          ],
          [
            0.5000000596046448,
            -0.1698414832353592,
            0.8492077589035034
          ],
          [
            -5.293340521461687e-08,
            0.9805806875228882,
            0.19611608982086182
          ]
        ]
      },
      "right_camera": {
        "translation": [
          1.9480384588241577,
          3.4941015243530273,
          1.7999999523162842
        ],
        "rotation_quaternion": [
          0.20015570521354675,
          0.1640884131193161,
          0.6123862862586975,
          0.7469911575317383
        ],
        "rotation_matrix": [
          [
            -0.8660253882408142,
            -0.09805809706449509,
            0.4902903735637665
          ],
          [
            0.5000000596046448,
            -0.1698414832353592,
            0.8492077589035034
          ],
          [
            -5.293340521461687e-08,
            0.9805806875228882,
            0.19611608982086182
          ]
        ]
      }
    },
    {
      "frame": 22,
      "timestamp": 0.7333333333333333,
      "left_camera": {
        "translation": [
          1.8694223165512085,
          3.5367867946624756,
          1.7999999523162842
        ],
        "rotation_quaternion": [
          0.1805330514907837,
          0.1480017751455307,
          0.6164717078208923,
          0.7519747018814087
        ],
        "rotation_matrix": [
          [
            -0.891006588935852,
            -0.08903473615646362,
            0.4451742172241211
          ],
          [
            0.4539903700351715,
            -0.17474091053009033,
            0.8737038373947144
          ],
          [
            1.5718870827186038e-07,
            0.9805806875228882,
            0.19611620903015137
          ]
        ]
      },
      "right_camera": {
        "translation": [
          1.76250159740448,
          3.5912654399871826,
          1.7999999523162842
        ],
        "rotation_quaternion": [
          0.1805330514907837,
          0.1480017751455307,
          0.6164717078208923,
          0.7519747018814087
        ],
        "rotation_matrix": [
          [
            -0.891006588935852,
            -0.08903473615646362,
            0.4451742172241211
          ],
          [
            0.4539903700351715,
            -0.17474091053009033,
            0.8737038373947144
          ],
          [
            1.5718870827186038e-07,
            0.9805806875228882,
            0.19611620903015137
          ]
        ]
      }
    },
    {
      "frame": 23,
      "timestamp": 0.7666666666666667,
      "left_camera": {
        "translation": [
          1.6817593574523926,
          3.629777431488037,
          1.7999999523162842
        ],
        "rotation_quaternion": [
          0.16078679263591766,
          0.13181374967098236,
          0.6201347708702087,
          0.7564427256584167
        ],
        "rotation_matrix": [
          [
            -0.9135454893112183,
            -0.07976743578910828,
            0.398838073015213
          ],
          [
            0.4067365825176239,
            -0.1791609227657318,
            0.8958050608634949
          ],
          [
            1.212907676517716e-07,
            0.9805806875228882,
            0.19611598551273346
          ]
        ]
      },
      "right_camera": {
        "translation": [
          1.5721337795257568,
          3.678586006164551,
          1.7999999523162842
        ],
        "rotation_quaternion": [
          0.16078679263591766,
          0.13181374967098236,
          0.6201347708702087,
          0.7564427256584167
        ],
        "rotation_matrix": [
          [
            -0.9135454893112183,
            -0.07976743578910828,
            0.398838073015213
          ],
          [
            0.4067365825176239,
            -0.1791609227657318,
            0.8958050608634949
          ],
          [
            1.212907676517716e-07,
            0.9805806875228882,
            0.19611598551273346
          ]
        ]
      }
    },
    {
      "frame": 24,
      "timestamp": 0.8,
      "left_camera": {
        "translation": [
          1.489486575126648,
          3.7128195762634277,
          1.7999999523162842
        ],
        "rotation_quaternion": [
          0.1409303843975067,
          0.11553534120321274,
          0.6233727931976318,
          0.7603923678398132
        ],
        "rotation_matrix": [
          [
            -0.9335804581642151,
            -0.07028161734342575,
            0.3514086902141571
          ],
          [
            0.358367919921875,
            -0.18309006094932556,
            0.915450930595398
          ],
          [
            6.547623598862629e-08,
            0.9805806875228882,
            0.19611598551273346
          ]
        ]
      },
      "right_camera": {
        "translation": [
          1.3774570226669312,
          3.7558236122131348,
          1.7999999523162842
        ],
        "rotation_quaternion": [
          0.1409303843975067,
          0.11553534120321274,
          0.6233727931976318,
          0.7603923678398132
        ],
        "rotation_matrix": [
          [
            -0.9335804581642151,
            -0.07028161734342575,
            0.3514086902141571
          ],
          [
            0.358367919921875,
            -0.18309006094932556,
            0.915450930595398
          ],
          [
            6.547623598862629e-08,
            0.9805806875228882,
            0.19611598551273346
          ]
        ]
      }
    },
    {
      "frame": 25,
      "timestamp": 0.8333333333333334,
      "left_camera": {
        "translation": [
          1.2931313514709473,
          3.7856850624084473,
          1.7999999523162842
        ],
        "rotation_quaternion": [
          0.12097740918397903,
          0.09917771071195602,
          0.6261834502220154,
          0.7638210654258728
        ],
        "rotation_matrix": [
          [
            -0.9510564804077148,
            -0.06060328334569931,
            0.30301612615585327
          ],
          [
            0.30901703238487244,
            -0.186517596244812,
            0.9325876235961914
          ],
          [
            -3.4290820849491865e-08,
            0.9805806875228882,
            0.19611620903015137
          ]
        ]
      },
      "right_camera": {
        "translation": [
          1.1790046691894531,
          3.8227672576904297,
          1.7999999523162842
        ],
        "rotation_quaternion": [
          0.12097740918397903,
          0.09917771071195602,
          0.6261834502220154,
          0.7638210654258728
        ],
        "rotation_matrix": [
          [
            -0.9510564804077148,
            -0.06060328334569931,
            0.30301612615585327
          ],
          [
            0.30901703238487244,
            -0.186517596244812,
            0.9325876235961914
          ],
          [
            -3.4290820849491865e-08,
            0.9805806875228882,
            0.19611620903015137
          ]
        ]
      }
    },
    {
      "frame": 26,
      "timestamp": 0.8666666666666667,
      "left_camera": {
        "translation": [
          1.0932316780090332,
          3.8481740951538086,
          1.7999999523162842
        ],
        "rotation_quaternion": [
          0.10094147175550461,
          0.08275215327739716,
          0.6285651326179504,
          0.766726016998291
        ],
        "rotation_matrix": [
          [
            -0.9659258127212524,
            -0.05075864866375923,
            0.25379303097724915
          ],
          [
            0.2588191330432892,
            -0.18943333625793457,
            0.947168231010437
          ],
          [
            -1.1515465558886717e-07,
            0.980580747127533,
            0.1961158663034439
          ]
        ]
      },
      "right_camera": {
        "translation": [
          0.9773206114768982,
          3.879232406616211,
          1.7999999523162842
        ],
        "rotation_quaternion": [
          0.10094147175550461,
          0.08275215327739716,
          0.6285651326179504,
          0.766726016998291
        ],
        "rotation_matrix": [
          [
            -0.9659258127212524,
            -0.05075864866375923,
            0.25379303097724915
          ],
          [
            0.2588191330432892,
            -0.18943333625793457,
            0.947168231010437
          ],
          [
            -1.1515465558886717e-07,
            0.980580747127533,
            0.1961158663034439
          ]
        ]
      }
    },
    {
      "frame": 27,
      "timestamp": 0.9,
      "left_camera": {
        "translation": [
          0.8903356194496155,
          3.900115728378296,
          1.7999999523162842
        ],
        "rotation_quaternion": [
          0.08083619922399521,
          0.0662698969244957,
