{
  "stereo_baseline": 0.12,
  "camera_intrinsics": {
    "fx": 1280.0,
    "fy": 1280.0,
    "cx": 640.0,
    "cy": 480.0,
    "resolution": [
      1280,
      960
    ]
  },
  "poses": [
    {
      "frame": 1,
      "timestamp": 0.03333333333333333,
      "left_camera": {
        "translation": [
          4.0,
          -0.05999999865889549,
          1.7999999523162842
        ],
        "rotation_quaternion": [
          0.5937938690185547,
          0.38393864035606384,
          0.3839385509490967,
          0.5937938690185547
        ],
        "rotation_matrix": [
          [
            7.549790126404332e-08,
            -0.41036465764045715,
            0.911921501159668
          ],
          [
            1.0,
            -3.3569374835451526e-08,
            -9.789612676058823e-08
          ],
          [
            7.078574526531156e-08,
            0.911921501159668,
            0.41036465764045715
          ]
        ]
      },
      "right_camera": {
        "translation": [
          4.0,
          0.05999999865889549,
          1.7999999523162842
        ],
        "rotation_quaternion": [
          0.5937938690185547,
          0.38393864035606384,
          0.3839385509490967,
          0.5937938690185547
        ],
        "rotation_matrix": [
          [
            7.549790126404332e-08,
            -0.41036465764045715,
            0.911921501159668
          ],
          [
            1.0,
            -3.3569374835451526e-08,
            -9.789612676058823e-08
          ],
          [
            7.078574526531156e-08,
            0.911921501159668,
            0.41036465764045715
          ]
        ]
      }
    },
    {
      "frame": 2,
      "timestamp": 0.06666666666666667,
      "left_camera": {
        "translation": [
          3.9976582527160645,
          0.14942604303359985,
          1.7999999523162842
        ],
        "rotation_quaternion": [
          0.5780466794967651,
          0.37375667691230774,
          0.39385733008384705,
          0.6091340780258179
        ],
        "rotation_matrix": [
          [
            -0.052335821092128754,
            -0.40980225801467896,
            0.9106717705726624
          ],
          [
            0.9986295700073242,
            -0.021476710215210915,
            0.04772619158029556
          ],
          [
            -6.751263725846002e-08,
            0.911921501159668,
            0.41036465764045715
          ]
        ]
      },
      "right_camera": {
        "translation": [
          3.991377830505371,
          0.26926159858703613,
          1.7999999523162842
        ],
        "rotation_quaternion": [
          0.5780466794967651,
          0.37375667691230774,
          0.39385733008384705,
          0.6091340780258179
        ],
        "rotation_matrix": [
          [
            -0.052335821092128754,
            -0.40980225801467896,
            0.9106717705726624
          ],
          [
            0.9986295700073242,
            -0.021476710215210915,
            0.04772619158029556
          ],
          [
            -6.751263725846002e-08,
            0.911921501159668,
            0.41036465764045715
          ]
        ]
      }
    },
    {
      "frame": 3,
      "timestamp": 0.1,
      "left_camera": {
        "translation": [
          3.9843592643737793,
          0.3584425449371338,
          1.7999999523162842
        ],
        "rotation_quaternion": [
          0.5619033575057983,
          0.36331865191459656,
          0.403506338596344,
          0.6240568161010742
        ],
        "rotation_matrix": [
          [
            -0.10452850908041,
            -0.40811651945114136,
            0.9069259762763977
          ],
          [
            0.9945219159126282,
            -0.04289472475647926,
            0.09532183408737183
          ],
          [
            -7.859561179657248e-08,
            0.9119215607643127,
            0.4103645384311676
          ]
        ]
      },
      "right_camera": {
        "translation": [
          3.971816062927246,
          0.4777851700782776,
          1.7999999523162842
        ],
        "rotation_quaternion": [
          0.5619033575057983,
          0.36331865191459656,
          0.403506338596344,
          0.6240568161010742
        ],
        "rotation_matrix": [
          [
            -0.10452850908041,
            -0.40811651945114136,
            0.9069259762763977
          ],
          [
            0.9945219159126282,
            -0.04289472475647926,
            0.09532183408737183
          ],
          [
            -7.859561179657248e-08,
            0.9119215607643127,
            0.4103645384311676
          ]
        ]
      }
    },
    {
      "frame": 4,
      "timestamp": 0.13333333333333333,
      "left_camera": {
        "translation": [
          3.960139513015747,
          0.5664765238761902,
          1.7999999523162842
        ],
        "rotation_quaternion": [
          0.5453749299049377,
          0.3526315987110138,
          0.41287854313850403,
          0.6385518908500671
        ],
        "rotation_matrix": [
          [
            -0.15643444657325745,
            -0.4053123891353607,
            0.9006942510604858
          ],
          [
            0.9876883625984192,
            -0.06419515609741211,
            0.14265595376491547
          ],
          [
            -1.714455777346302e-08,
            0.911921501159668,
            0.41036465764045715
          ]
        ]
      },
      "right_camera": {
        "translation": [
          3.9413673877716064,
          0.6849991679191589,
          1.7999999523162842
        ],
        "rotation_quaternion": [
          0.5453749299049377,
          0.3526315987110138,
          0.41287854313850403,
          0.6385518908500671
        ],
        "rotation_matrix": [
          [
            -0.15643444657325745,
            -0.4053123891353607,
            0.9006942510604858
          ],
          [
            0.9876883625984192,
            -0.06419515609741211,
            0.14265595376491547
          ],
          [
            -1.714455777346302e-08,
            0.911921501159668,
            0.41036465764045715
          ]
        ]
      }
    },
    {
      "frame": 5,
      "timestamp": 0.16666666666666666,
      "left_camera": {
        "translation": [
          3.925065279006958,
          0.7729578614234924,
          1.7999999523162842
        ],
        "rotation_quaternion": [
          0.5284727215766907,
          0.34170281887054443,
          0.42196783423423767,
          0.6526092886924744
        ],
        "rotation_matrix": [
          [
            -0.20791150629520416,
            -0.4013972282409668,
            0.8919938802719116
          ],
          [
            0.9781476259231567,
            -0.08531943708658218,
            0.18959902226924896
          ],
          [
            -1.1241654362947884e-07,
            0.911921501159668,
            0.41036465764045715
          ]
        ]
      },
      "right_camera": {
        "translation": [
          3.900115728378296,
          0.8903356194496155,
          1.7999999523162842
        ],
        "rotation_quaternion": [
          0.5284727215766907,
          0.34170281887054443,
          0.42196783423423767,
          0.6526092886924744
        ],
        "rotation_matrix": [
          [
            -0.20791150629520416,
            -0.4013972282409668,
            0.8919938802719116
          ],
          [
            0.9781476259231567,
            -0.08531943708658218,
            0.18959902226924896
          ],
          [
            -1.1241654362947884e-07,
            0.911921501159668,
            0.41036465764045715
          ]
        ]
      }
    },
    {
      "frame": 6,
      "timestamp": 0.2,
      "left_camera": {
        "translation": [
          3.879232406616211,
          0.9773206114768982,
          1.7999999523162842
        ],
        "rotation_quaternion": [
          0.5112082362174988,
          0.3305399715900421,
          0.4307679831981659,
          0.6662195324897766
        ],
        "rotation_matrix": [
          [
            -0.258819043636322,
            -0.3963817059993744,
            0.8808485865592957
          ],
          [
            0.9659258127212524,
            -0.10621020197868347,
            0.23602263629436493
          ],
          [
            4.915461815357958e-08,
            0.9119215607643127,
            0.4103645384311676
          ]
        ]
      },
      "right_camera": {
        "translation": [
          3.8481740951538086,
          1.0932316780090332,
          1.7999999523162842
        ],
        "rotation_quaternion": [
          0.5112082362174988,
          0.3305399715900421,
          0.4307679831981659,
          0.6662195324897766
        ],
        "rotation_matrix": [
          [
            -0.258819043636322,
            -0.3963817059993744,
            0.8808485865592957
          ],
          [
            0.9659258127212524,
            -0.10621020197868347,
            0.23602263629436493
          ],
          [
            4.915461815357958e-08,
            0.9119215607643127,
            0.4103645384311676
          ]
        ]
      }
    },
    {
      "frame": 7,
      "timestamp": 0.23333333333333334,
      "left_camera": {
        "translation": [
          3.8227672576904297,
          1.1790046691894531,
          1.7999999523162842
        ],
        "rotation_quaternion": [
          0.4935934245586395,
          0.31915053725242615,
          0.439272940158844,
          0.6793730854988098
        ],
        "rotation_matrix": [
          [
            -0.3090169429779053,
            -0.3902798593044281,
            0.8672889471054077
          ],
          [
            0.9510565400123596,
            -0.12680965662002563,
            0.28179916739463806
          ],
          [
            7.86103910854763e-08,
            0.9119215607643127,
            0.4103645384311676
          ]
        ]
      },
      "right_camera": {
        "translation": [
          3.7856850624084473,
          1.2931313514709473,
          1.7999999523162842
        ],
        "rotation_quaternion": [
          0.4935934245586395,
          0.31915053725242615,
          0.439272940158844,
          0.6793730854988098
        ],
        "rotation_matrix": [
          [
            -0.3090169429779053,
            -0.3902798593044281,
            0.8672889471054077
          ],
          [
            0.9510565400123596,
            -0.12680965662002563,
            0.28179916739463806
          ],
          [
            7.86103910854763e-08,
            0.9119215607643127,
            0.4103645384311676
          ]
        ]
      }
    },
    {
      "frame": 8,
      "timestamp": 0.26666666666666666,
      "left_camera": {
        "translation": [
          3.7558236122131348,
          1.3774570226669312,
          1.7999999523162842
        ],
        "rotation_quaternion": [
          0.4756403863430023,
          0.30754226446151733,
          0.4474768340587616,
          0.6920610666275024
        ],
        "rotation_matrix": [
          [
            -0.3583679497241974,
            -0.38310831785202026,
            0.8513520956039429
          ],
          [
            0.9335804581642151,
            -0.14706145226955414,
            0.3268034756183624
          ],
          [
            -6.372460603643049e-08,
            0.9119215607643127,
            0.4103645384311676
          ]
        ]
      },
      "right_camera": {
        "translation": [
          3.7128195762634277,
          1.489486575126648,
          1.7999999523162842
        ],
        "rotation_quaternion": [
          0.4756403863430023,
          0.30754226446151733,
          0.4474768340587616,
          0.6920610666275024
        ],
        "rotation_matrix": [
          [
            -0.3583679497241974,
            -0.38310831785202026,
            0.8513520956039429
          ],
          [
            0.9335804581642151,
            -0.14706145226955414,
            0.3268034756183624
          ],
          [
            -6.372460603643049e-08,
            0.9119215607643127,
            0.4103645384311676
          ]
        ]
      }
    },
    {
      "frame": 9,
      "timestamp": 0.3,
      "left_camera": {
        "translation": [
          3.678586006164551,
          1.5721337795257568,
          1.7999999523162842
        ],
        "rotation_quaternion": [
          0.4573613703250885,
          0.2957233190536499,
          0.4553738832473755,
          0.7042747139930725
        ],
        "rotation_matrix": [
          [
            -0.4067365825176239,
            -0.37488675117492676,
            0.8330817818641663
          ],
          [
            0.9135454893112183,
            -0.1669103503227234,
            0.3709118366241455
          ],
          [
            4.6240327122859526e-08,
            0.911921501159668,
            0.41036465764045715
          ]
        ]
      },
      "right_camera": {
        "translation": [
          3.629777431488037,
          1.6817593574523926,
          1.7999999523162842
        ],
        "rotation_quaternion": [
          0.4573613703250885,
          0.2957233190536499,
          0.4553738832473755,
          0.7042747139930725
        ],
        "rotation_matrix": [
          [
            -0.4067365825176239,
            -0.37488675117492676,
            0.8330817818641663
          ],
          [
            0.9135454893112183,
            -0.1669103503227234,
            0.3709118366241455
          ],
          [
            4.6240327122859526e-08,
            0.911921501159668,
            0.41036465764045715
          ]
        ]
      }
    },
    {
      "frame": 10,
      "timestamp": 0.3333333333333333,
      "left_camera": {
        "translation": [
          3.5912654399871826,
          1.76250159740448,
          1.7999999523162842
        ],
        "rotation_quaternion": [
          0.4387689232826233,
          0.28370168805122375,
          0.46295905113220215,
          0.7160056829452515
        ],
        "rotation_matrix": [
          [
            -0.4539903998374939,
            -0.36563754081726074,
            0.812528133392334
          ],
          [
            0.891006588935852,
            -0.18630152940750122,
            0.4140036404132843
          ],
          [
            -4.218323113036604e-08,
            0.9119215607643127,
            0.4103645384311676
          ]
        ]
      },
      "right_camera": {
        "translation": [
          3.5367867946624756,
          1.8694223165512085,
          1.7999999523162842
        ],
        "rotation_quaternion": [
          0.4387689232826233,
          0.28370168805122375,
          0.46295905113220215,
          0.7160056829452515
        ],
        "rotation_matrix": [
          [
            -0.4539903998374939,
            -0.36563754081726074,
            0.812528133392334
          ],
          [
            0.891006588935852,
            -0.18630152940750122,
            0.4140036404132843
          ],
          [
            -4.218323113036604e-08,
            0.9119215607643127,
            0.4103645384311676
          ]
        ]
      }
    },
    {
      "frame": 11,
      "timestamp": 0.36666666666666664,
      "left_camera": {
        "translation": [
          3.4941015243530273,
          1.9480384588241577,
          1.7999999523162842
        ],
        "rotation_quaternion": [
          0.4198756217956543,
          0.27148568630218506,
          0.47022688388824463,
          0.7272459864616394
        ],
        "rotation_matrix": [
          [
            -0.5000000596046448,
            -0.35538604855537415,
            0.7897472381591797
          ],
          [
            0.8660253882408142,
            -0.20518237352371216,
            0.45596078038215637
          ],
          [
            1.0433347341631816e-07,
            0.9119215607643127,
            0.4103645384311676
          ]
        ]
      },
      "right_camera": {
        "translation": [
          3.4341015815734863,
          2.0519614219665527,
          1.7999999523162842
        ],
        "rotation_quaternion": [
          0.4198756217956543,
          0.27148568630218506,
          0.47022688388824463,
          0.7272459864616394
        ],
        "rotation_matrix": [
          [
            -0.5000000596046448,
            -0.35538604855537415,
            0.7897472381591797
          ],
          [
            0.8660253882408142,
            -0.20518237352371216,
            0.45596078038215637
          ],
          [
            1.0433347341631816e-07,
            0.9119215607643127,
            0.4103645384311676
          ]
        ]
      }
    },
    {
      "frame": 12,
      "timestamp": 0.4,
      "left_camera": {
        "translation": [
          3.3873605728149414,
          2.1282360553741455,
          1.7999999523162842
        ],
        "rotation_quaternion": [
          0.4006946086883545,
          0.25908342003822327,
          0.4771724045276642,
          0.7379878759384155
        ],
        "rotation_matrix": [
          [
            -0.5446392297744751,
            -0.34416061639785767,
            0.7648016810417175
          ],
          [
            0.8386704325675964,
            -0.22350062429904938,
            0.49666827917099
          ],
          [
            -2.0024442548560728e-08,
            0.9119215607643127,
            0.4103645384311676
          ]
        ]
      },
      "right_camera": {
        "translation": [
          3.3220038414001465,
          2.2288763523101807,
          1.7999999523162842
        ],
        "rotation_quaternion": [
          0.4006946086883545,
          0.25908342003822327,
          0.4771724045276642,
          0.7379878759384155
        ],
        "rotation_matrix": [
          [
            -0.5446392297744751,
            -0.34416061639785767,
            0.7648016810417175
          ],
          [
            0.8386704325675964,
            -0.22350062429904938,
            0.49666827917099
          ],
          [
            -2.0024442548560728e-08,
            0.9119215607643127,
            0.4103645384311676
          ]
        ]
      }
    },
    {
      "frame": 13,
      "timestamp": 0.43333333333333335,
      "left_camera": {
        "translation": [
          3.2713351249694824,
          2.3025999069213867,
          1.7999999523162842
        ],
        "rotation_quaternion": [
          0.3812392055988312,
          0.2465037852525711,
          0.48379090428352356,
          0.7482239007949829
        ],
        "rotation_matrix": [
          [
            -0.5877851843833923,
            -0.33199194073677063,
            0.737760066986084
          ],
          [
            0.80901700258255,
            -0.24120618402957916,
            0.5360140204429626
          ],
          [
            -3.617743260520001e-08,
            0.9119215607643127,
            0.4103645384311676
          ]
        ]
      },
      "right_camera": {
        "translation": [
          3.200800895690918,
          2.39968204498291,
          1.7999999523162842
        ],
        "rotation_quaternion": [
          0.3812392055988312,
          0.2465037852525711,
          0.48379090428352356,
          0.7482239007949829
        ],
        "rotation_matrix": [
          [
            -0.5877851843833923,
            -0.33199194073677063,
            0.737760066986084
          ],
          [
            0.80901700258255,
            -0.24120618402957916,
            0.5360140204429626
          ],
          [
            -3.617743260520001e-08,
            0.9119215607643127,
            0.4103645384311676
          ]
        ]
      }
    },
    {
      "frame": 14,
      "timestamp": 0.4666666666666667,
      "left_camera": {
        "translation": [
          3.146343231201172,
          2.4706528186798096,
          1.7999999523162842
        ],
        "rotation_quaternion": [
          0.3615221679210663,
          0.2337551712989807,
          0.4900777339935303,
          0.7579472661018372
        ],
        "rotation_matrix": [
          [
            -0.629320502281189,
            -0.318913072347641,
            0.7086961269378662
          ],
          [
            0.7771458625793457,
            -0.25825104117393494,
            0.5738908052444458
          ],
          [
            2.2052682879802887e-07,
            0.911921501159668,
            0.41036465764045715
          ]
        ]
      },
      "right_camera": {
        "translation": [
          3.07082462310791,
          2.5639102458953857,
          1.7999999523162842
        ],
        "rotation_quaternion": [
          0.3615221679210663,
          0.2337551712989807,
          0.4900777339935303,
          0.7579472661018372
        ],
        "rotation_matrix": [
          [
            -0.629320502281189,
            -0.318913072347641,
            0.7086961269378662
          ],
          [
            0.7771458625793457,
            -0.25825104117393494,
            0.5738908052444458
          ],
          [
            2.2052682879802887e-07,
            0.911921501159668,
            0.41036465764045715
          ]
        ]
      }
    },
    {
      "frame": 15,
      "timestamp": 0.5,
      "left_camera": {
        "translation": [
          3.0127270221710205,
          2.6319339275360107,
          1.7999999523162842
        ],
        "rotation_quaternion": [
          0.34155750274658203,
          0.2208462357521057,
          0.49602892994880676,
          0.7671510577201843
        ],
        "rotation_matrix": [
          [
            -0.669130802154541,
            -0.30496013164520264,
            0.6776896715164185
          ],
          [
            0.7431446313858032,
            -0.2745875120162964,
            0.6101948618888855
          ],
          [
            8.940606477381152e-09,
            0.9119216203689575,
            0.41036444902420044
          ]
        ]
      },
      "right_camera": {
        "translation": [
          2.93243145942688,
          2.7211110591888428,
          1.7999999523162842
        ],
        "rotation_quaternion": [
          0.34155750274658203,
          0.2208462357521057,
          0.49602892994880676,
          0.7671510577201843
        ],
        "rotation_matrix": [
          [
            -0.669130802154541,
            -0.30496013164520264,
            0.6776896715164185
          ],
          [
            0.7431446313858032,
            -0.2745875120162964,
            0.6101948618888855
          ],
          [
            8.940606477381152e-09,
            0.9119216203689575,
            0.41036444902420044
          ]
        ]
      }
    },
    {
      "frame": 16,
      "timestamp": 0.5333333333333333,
      "left_camera": {
        "translation": [
          2.8708534240722656,
          2.7860007286071777,
          1.7999999523162842
        ],
        "rotation_quaternion": [
          0.32135888934135437,
          0.20778606832027435,
          0.5016400218009949,
          0.7758290767669678
        ],
        "rotation_matrix": [
          [
            -0.7071067690849304,
            -0.29017147421836853,
            0.6448259353637695
          ],
          [
            0.7071067690849304,
            -0.29017147421836853,
            0.6448259949684143
          ],
          [
            -2.018893319188919e-08,
            0.9119216203689575,
            0.41036444902420044
          ]
        ]
      },
      "right_camera": {
        "translation": [
          2.7860007286071777,
          2.8708534240722656,
          1.7999999523162842
        ],
        "rotation_quaternion": [
          0.32135888934135437,
          0.20778606832027435,
          0.5016400218009949,
          0.7758290767669678
        ],
        "rotation_matrix": [
          [
            -0.7071067690849304,
            -0.29017147421836853,
            0.6448259353637695
          ],
          [
            0.7071067690849304,
            -0.29017147421836853,
            0.6448259949684143
          ],
          [
            -2.018893319188919e-08,
            0.9119216203689575,
            0.41036444902420044
          ]
        ]
      }
    },
    {
      "frame": 17,
      "timestamp": 0.5666666666666667,
      "left_camera": {
        "translation": [
          2.721111297607422,
          2.93243145942688,
          1.7999999523162842
        ],
        "rotation_quaternion": [
          0.3009398579597473,
          0.1945834457874298,
          0.5069072842597961,
          0.7839754819869995
        ],
        "rotation_matrix": [
          [
            -0.7431449294090271,
            -0.27458736300468445,
            0.6101945042610168
          ],
          [
            0.6691304445266724,
            -0.3049603998661041,
            0.6776899099349976
          ],
          [
            7.8263539649015e-08,
            0.9119215607643127,
            0.4103645384311676
          ]
        ]
      },
      "right_camera": {
        "translation": [
          2.6319336891174316,
          3.0127270221710205,
          1.7999999523162842
        ],
        "rotation_quaternion": [
          0.3009398579597473,
          0.1945834457874298,
          0.5069072842597961,
          0.7839754819869995
        ],
        "rotation_matrix": [
          [
            -0.7431449294090271,
            -0.27458736300468445,
            0.6101945042610168
          ],
          [
            0.6691304445266724,
            -0.3049603998661041,
            0.6776899099349976
          ],
          [
            7.8263539649015e-08,
            0.9119215607643127,
            0.4103645384311676
          ]
        ]
      }
    },
    {
      "frame": 18,
      "timestamp": 0.6,
      "left_camera": {
        "translation": [
          2.5639102458953857,
          3.07082462310791,
          1.7999999523162842
        ],
        "rotation_quaternion": [
          0.2803148031234741,
          0.18124759197235107,
          0.5118271708488464,
          0.7915844321250916
        ],
        "rotation_matrix": [
          [
            -0.7771458625793457,
            -0.25825080275535583,
            0.5738909244537354
          ],
          [
            0.629320502281189,
            -0.3189132511615753,
            0.7086960077285767
          ],
          [
            9.382809906810508e-08,
            0.911921501159668,
            0.41036465764045715
          ]
        ]
      },
      "right_camera": {
        "translation": [
          2.4706528186798096,
          3.146343231201172,
          1.7999999523162842
        ],
        "rotation_quaternion": [
          0.2803148031234741,
          0.18124759197235107,
          0.5118271708488464,
          0.7915844321250916
        ],
        "rotation_matrix": [
          [
            -0.7771458625793457,
            -0.25825080275535583,
            0.5738909244537354
          ],
          [
            0.629320502281189,
            -0.3189132511615753,
            0.7086960077285767
          ],
          [
            9.382809906810508e-08,
            0.911921501159668,
            0.41036465764045715
          ]
        ]
      }
    },
    {
      "frame": 19,
      "timestamp": 0.6333333333333333,
      "left_camera": {
        "translation": [
          2.39968204498291,
          3.200800895690918,
          1.7999999523162842
        ],
        "rotation_quaternion": [
          0.25949740409851074,
          0.1677873432636261,
          0.5163963437080383,
          0.7986509799957275
        ],
        "rotation_matrix": [
          [
            -0.8090170621871948,
            -0.24120619893074036,
            0.5360140204429626
          ],
          [
            0.5877851843833923,
            -0.33199191093444824,
            0.737760066986084
          ],
          [
            7.25358262343434e-09,
            0.9119215607643127,
            0.4103645384311676
          ]
        ]
      },
      "right_camera": {
        "translation": [
          2.3025999069213867,
          3.2713351249694824,
          1.7999999523162842
        ],
        "rotation_quaternion": [
          0.25949740409851074,
          0.1677873432636261,
          0.5163963437080383,
          0.7986509799957275
        ],
        "rotation_matrix": [
          [
            -0.8090170621871948,
            -0.24120619893074036,
            0.5360140204429626
          ],
          [
            0.5877851843833923,
            -0.33199191093444824,
            0.737760066986084
          ],
          [
            7.25358262343434e-09,
            0.9119215607643127,
            0.4103645384311676
          ]
        ]
      }
    },
    {
      "frame": 20,
      "timestamp": 0.6666666666666666,
      "left_camera": {
        "translation": [
          2.2288763523101807,
          3.3220038414001465,
          1.7999999523162842
        ],
        "rotation_quaternion": [
          0.23850227892398834,
          0.15421216189861298,
          0.5206114053726196,
          0.8051701784133911
        ],
        "rotation_matrix": [
          [
            -0.838670551776886,
            -0.22350060939788818,
            0.4966680407524109
          ],
          [
            0.5446390509605408,
            -0.34416088461875916,
            0.7648016810417175
          ],
          [
            7.858440653762955e-08,
            0.9119214415550232,
            0.4103647768497467
          ]
        ]
      },
      "right_camera": {
        "translation": [
          2.1282360553741455,
          3.3873605728149414,
          1.7999999523162842
        ],
        "rotation_quaternion": [
          0.23850227892398834,
          0.15421216189861298,
          0.5206114053726196,
          0.8051701784133911
        ],
        "rotation_matrix": [
          [
            -0.838670551776886,
            -0.22350060939788818,
            0.4966680407524109
          ],
          [
            0.5446390509605408,
            -0.34416088461875916,
            0.7648016810417175
          ],
          [
            7.858440653762955e-08,
            0.9119214415550232,
            0.4103647768497467
          ]
        ]
      }
    },
    {
      "frame": 21,
      "timestamp": 0.7,
      "left_camera": {
        "translation": [
          2.0519614219665527,
          3.4341015815734863,
          1.7999999523162842
        ],
        "rotation_quaternion": [
          0.21734365820884705,
          0.14053130149841309,
          0.5244699716567993,
          0.8111374974250793
        ],
        "rotation_matrix": [
          [
            -0.8660253882408142,
            -0.20518232882022858,
            0.45596081018447876
          ],
          [
            0.5000000596046448,
            -0.3553861081600189,
            0.7897472381591797
          ],
          [
            -4.087912941486138e-08,
            0.9119215607643127,
            0.4103645384311676
          ]
        ]
      },
      "right_camera": {
        "translation": [
          1.9480384588241577,
          3.4941015243530273,
          1.7999999523162842
        ],
        "rotation_quaternion": [
          0.21734365820884705,
          0.14053130149841309,
          0.5244699716567993,
          0.8111374974250793
        ],
        "rotation_matrix": [
          [
            -0.8660253882408142,
            -0.20518232882022858,
            0.45596081018447876
          ],
          [
            0.5000000596046448,
            -0.3553861081600189,
            0.7897472381591797
          ],
          [
            -4.087912941486138e-08,
            0.9119215607643127,
            0.4103645384311676
          ]
        ]
      }
    },
    {
      "frame": 22,
      "timestamp": 0.7333333333333333,
      "left_camera": {
        "translation": [
          1.8694223165512085,
          3.5367867946624756,
          1.7999999523162842
        ],
        "rotation_quaternion": [
          0.1960359811782837,
          0.12675413489341736,
          0.5279689431190491,
          0.8165489435195923
        ],
        "rotation_matrix": [
          [
            -0.891006588935852,
            -0.18630148470401764,
            0.4140036404132843
          ],
          [
            0.4539903700351715,
            -0.36563754081726074,
            0.8125280737876892
          ],
          [
            7.996119677500246e-08,
            0.9119215607643127,
            0.4103645384311676
          ]
        ]
      },
      "right_camera": {
        "translation": [
          1.76250159740448,
          3.5912654399871826,
          1.7999999523162842
        ],
        "rotation_quaternion": [
          0.1960359811782837,
          0.12675413489341736,
          0.5279689431190491,
          0.8165489435195923
        ],
        "rotation_matrix": [
          [
            -0.891006588935852,
            -0.18630148470401764,
            0.4140036404132843
          ],
          [
            0.4539903700351715,
            -0.36563754081726074,
            0.8125280737876892
          ],
          [
            7.996119677500246e-08,
            0.9119215607643127,
            0.4103645384311676
          ]
        ]
      }
    },
    {
      "frame": 23,
      "timestamp": 0.7666666666666667,
      "left_camera": {
        "translation": [
          1.6817593574523926,
          3.629777431488037,
          1.7999999523162842
        ],
        "rotation_quaternion": [
          0.17459404468536377,
          0.1128901019692421,
          0.5311059951782227,
          0.8214007616043091
        ],
        "rotation_matrix": [
          [
            -0.9135454893112183,
            -0.16691014170646667,
            0.3709118962287903
          ],
          [
            0.4067365825176239,
            -0.37488675117492676,
            0.8330817818641663
          ],
          [
            1.550264414618141e-07,
            0.9119215607643127,
            0.4103645384311676
          ]
        ]
      },
      "right_camera": {
        "translation": [
          1.5721337795257568,
          3.678586006164551,
          1.7999999523162842
        ],
        "rotation_quaternion": [
          0.17459404468536377,
          0.1128901019692421,
          0.5311059951782227,
          0.8214007616043091
        ],
        "rotation_matrix": [
          [
            -0.9135454893112183,
            -0.16691014170646667,
            0.3709118962287903
          ],
          [
            0.4067365825176239,
            -0.37488675117492676,
            0.8330817818641663
          ],
          [
            1.550264414618141e-07,
            0.9119215607643127,
            0.4103645384311676
          ]
        ]
      }
    },
    {
      "frame": 24,
      "timestamp": 0.8,
      "left_camera": {
        "translation": [
          1.489486575126648,
          3.7128195762634277,
          1.7999999523162842
        ],
        "rotation_quaternion": [
          0.15303251147270203,
          0.0989486426115036,
          0.5338789820671082,
          0.8256896734237671
        ],
        "rotation_matrix": [
          [
            -0.9335804581642151,
            -0.1470615267753601,
            0.32680341601371765
          ],
          [
            0.358367919921875,
            -0.383108526468277,
            0.8513520359992981
          ],
          [
            4.7482402010246005e-08,
            0.9119214415550232,
            0.4103647768497467
          ]
        ]
      },
      "right_camera": {
        "translation": [
          1.3774570226669312,
          3.7558236122131348,
          1.7999999523162842
        ],
        "rotation_quaternion": [
          0.15303251147270203,
          0.0989486426115036,
          0.5338789820671082,
          0.8256896734237671
        ],
        "rotation_matrix": [
          [
            -0.9335804581642151,
            -0.1470615267753601,
            0.32680341601371765
          ],
          [
            0.358367919921875,
            -0.383108526468277,
            0.8513520359992981
          ],
          [
            4.7482402010246005e-08,
            0.9119214415550232,
            0.4103647768497467
          ]
        ]
      }
    },
    {
      "frame": 25,
      "timestamp": 0.8333333333333334,
      "left_camera": {
        "translation": [
          1.2931313514709473,
          3.7856850624084473,
          1.7999999523162842
        ],
        "rotation_quaternion": [
          0.1313660740852356,
          0.08493942022323608,
          0.5362863540649414,
          0.8294125199317932
        ],
        "rotation_matrix": [
          [
            -0.9510564804077148,
            -0.12680961191654205,
            0.28179931640625
          ],
          [
            0.30901703238487244,
            -0.39027976989746094,
            0.8672890067100525
          ],
          [
            -2.0808263556659767e-08,
            0.9119216203689575,
            0.41036444902420044
          ]
        ]
      },
      "right_camera": {
        "translation": [
          1.1790046691894531,
          3.8227672576904297,
          1.7999999523162842
        ],
        "rotation_quaternion": [
          0.1313660740852356,
          0.08493942022323608,
          0.5362863540649414,
          0.8294125199317932
        ],
        "rotation_matrix": [
          [
            -0.9510564804077148,
            -0.12680961191654205,
            0.28179931640625
          ],
          [
            0.30901703238487244,
            -0.39027976989746094,
            0.8672890067100525
          ],
          [
            -2.0808263556659767e-08,
            0.9119216203689575,
            0.41036444902420044
          ]
        ]
      }
    },
    {
      "frame": 26,
      "timestamp": 0.8666666666666667,
      "left_camera": {
        "translation": [
          1.0932316780090332,
          3.8481740951538086,
          1.7999999523162842
        ],
        "rotation_quaternion": [
          0.10960961133241653,
          0.07087194174528122,
          0.5383259654045105,
          0.8325671553611755
        ],
        "rotation_matrix": [
          [
            -0.9659258127212524,
            -0.10621031373739243,
            0.2360227108001709
          ],
          [
            0.2588191330432892,
            -0.39638179540634155,
            0.8808485269546509
          ],
          [
            -9.459846950221618e-08,
            0.911921501159668,
            0.41036465764045715
          ]
        ]
      },
      "right_camera": {
        "translation": [
          0.9773206114768982,
          3.879232406616211,
          1.7999999523162842
        ],
        "rotation_quaternion": [
          0.10960961133241653,
          0.07087194174528122,
          0.5383259654045105,
          0.8325671553611755
        ],
        "rotation_matrix": [
          [
            -0.9659258127212524,
            -0.10621031373739243,
            0.2360227108001709
          ],
          [
            0.2588191330432892,
            -0.39638179540634155,
            0.8808485269546509
          ],
          [
            -9.459846950221618e-08,
            0.911921501159668,
            0.41036465764045715
          ]
        ]
      }
    },
    {
      "frame": 27,
      "timestamp": 0.9,
      "left_camera": {
        "translation": [
          0.8903356194496155,
          3.900115728378296,
          1.7999999523162842
        ],
        "rotation_quaternion": [
          0.08777785301208496,
          0.056755974888801575,
          0.5399969220161438,
